Path is: 0 41 45 51 50 
Path is: 1 58 57 20 40 17 65 73 36 46 10 38 41 45 51 
Path is: 2 71 47 79 23 77 1 58 57 20 40 17 52 
Path is: 3 53 
Path is: 4 85 83 58 33 13 19 79 23 77 1 54 
Path is: 5 26 23 77 1 58 99 3 21 70 55 
Path is: 6 42 80 77 1 58 99 3 21 70 55 56 
Path is: 7 17 65 73 36 46 10 58 57 
Path is: 8 37 63 72 46 10 58 
Path is: 9 33 13 19 79 23 77 1 59 
Path is: 10 60 
Path is: 11 22 20 40 17 65 73 36 46 10 29 61 
Path is: 12 37 63 72 46 10 58 99 3 21 70 62 
Path is: 13 19 79 23 77 1 58 99 3 21 70 55 12 37 63 
Path is: 14 38 41 45 51 68 2 71 47 79 23 77 1 58 33 13 92 64 
Path is: 15 13 92 94 11 22 20 40 17 65 
Path is: 16 41 45 51 68 2 71 47 79 23 77 1 58 33 32 66 
Path is: 17 65 73 36 46 10 58 33 13 19 79 23 91 67 
Path is: 18 15 41 45 51 68 
Path is: 19 69 
